model: logreg
threshold: 0.4522917696464736
cv_scores:
  logreg:
    pr_auc: 0.5077380587467702
    roc_auc: 0.5057775291523736
    f1: 0.6660279496045578
  rf:
    pr_auc: 0.49837682883389683
    roc_auc: 0.4997196076791694
    f1: 0.6659353670554191
