model: logreg
threshold: 0.4381532861712871
cv_scores:
  logreg:
    pr_auc: 0.503507159868332
    roc_auc: 0.5043415354805433
    f1: 0.6662022177684911
  rf:
    pr_auc: 0.4978182115777454
    roc_auc: 0.4973928074682043
    f1: 0.6661292441190247
