model: logreg
threshold: 0.4367773918294123
cv_scores:
  logreg:
    pr_auc: 0.5037410650348931
    roc_auc: 0.5039546105174008
    f1: 0.6660980591643307
  rf:
    pr_auc: 0.49555242018008644
    roc_auc: 0.49442707495252497
    f1: 0.666002833988658
