model: logreg
threshold: 0.44495852626744414
cv_scores:
  logreg:
    pr_auc: 0.5032625158683329
    roc_auc: 0.5041764381593228
    f1: 0.6664500891903135
  rf:
    pr_auc: 0.4947220200905614
    roc_auc: 0.49528830734652124
    f1: 0.6664494710180371
